0,2.22426
1,1.93928
2,-1.34846
3,-2.99928
4,-0.611673
5,2.22426
6,1.81764
7,-1.35541
8,-2.93672
9,-0.556066
10,2.39804
11,1.82459
12,-1.35541
13,-2.94368
14,-0.559542
15,2.39456
16,2.00184
17,-1.40754
18,-2.9402
19,-0.660329
20,2.30767
21,1.8663
22,-1.40754
23,-2.9124
24,-0.556066
25,2.30767
26,1.94276
27,-1.44577
28,-3.00276
29,-0.71246
30,2.32853
31,1.78984
32,-1.43882
33,-2.95063
34,-0.695083
35,2.3181
36,1.83502
37,-1.35889
38,-2.9124
39,-0.559542
40,2.26945
41,1.98099
42,-1.34499
43,-2.90892
44,-0.580394
45,2.36328
46,2.14085
47,-1.37279
48,-2.89849
49,-0.556066
50,2.3459
51,1.82459
52,-1.39017
53,-2.89154
54,-0.618624
55,2.18256
56,2.00184
57,-1.32761
58,-2.91935
59,-0.667279
60,2.332
61,2.00184
62,-1.39017
63,-2.99581
64,-0.594296
65,2.40846
66,1.84544
67,-1.43535
68,-3.00276
69,-0.576919
70,2.26597
71,2.07482
72,-1.39017
73,-2.90892
74,-0.556066
75,2.27987
76,1.8663
77,-1.34846
78,-2.91935
79,-0.695083
80,2.46059
81,1.908
82,-1.30676
83,-2.89849
84,-0.535214
85,2.34243
86,1.94971
87,-1.2859
88,-2.9541
89,-0.528263
90,2.36328
91,1.91843
92,-1.42492
93,-2.83594
94,-0.75764
95,2.41889
96,1.96708
97,-1.33803
98,-3.00276
99,-0.569968
100,2.27292
101,2.08525
102,-1.36236
103,-2.83594
104,-0.583869
105,2.21384
106,2.00184
107,-1.41449
108,-2.66217
109,-0.601247
110,2.38413
111,2.00184
112,-1.33456
113,-2.9402
114,-0.653378
115,2.36676
116,2.00184
117,-1.58479
118,-2.7699
119,-0.597771
120,2.38066
121,2.0922
122,-1.42839
123,-2.9541
124,-0.594296
125,2.26597
126,1.93581
127,-1.38321
128,-2.9263
129,-0.816722
130,2.18951
131,1.91495
132,-1.33456
133,-2.86722
134,-0.618624
135,2.15823
136,1.9219
137,-1.33456
138,-2.87764
139,-0.625574
140,2.17561
141,2.1061
142,-1.29633
143,-2.99233
144,-0.653378
145,2.28682
146,2.00184
147,-1.2998
148,-2.89154
149,-0.59082
150,2.38413
151,1.95318
152,-1.33456
153,-2.96453
154,-0.608197
155,2.37718
156,2.18604
157,-1.34846
158,-3.00276
159,-0.535214
160,2.37371
161,2.00184
162,-1.34151
163,-3.03751
164,-0.667279
165,2.25902
166,1.97403
167,-1.43882
168,-3.00276
169,-0.583869
170,2.27292
171,2.00184
172,-1.34151
173,-3.03404
174,-0.667279
175,2.30072
176,2.09567
177,-1.33456
178,-2.98886
179,-0.542165
180,2.30767
181,1.96708
182,-1.41797
183,-2.96453
184,-0.653378
185,2.24512
186,1.8524
187,-1.28243
188,-2.94715
189,-0.667279
190,2.25207
191,2.07482
192,-1.35194
193,-2.99581
194,-0.875804
195,2.48145
196,2.11305
197,-1.24072
198,-3.20433
199,-0.667279
200,2.27292
201,2.00184
202,-1.37974
203,-3.00276
204,-0.667279
205,2.3042
206,2.00184
207,-1.34499
208,-2.88459
209,-0.583869
210,2.27987
211,1.67515
212,-1.32413
213,-2.89849
214,-0.639476
215,2.32505
216,2.0783
217,-1.28938
218,-3.10354
219,-0.604722
220,2.35633
221,1.86977
222,-1.31371
223,-2.91935
224,-0.868853
225,2.27987
226,1.96708
227,-1.30676
228,-2.9263
229,-0.677706
230,2.15128
231,2.1061
232,-1.23725
233,-2.83594
234,-0.868853
235,2.16518
236,1.99489
237,-1.38669
238,-2.99233
239,-0.667279
240,2.24512
241,2.00184
242,-1.29633
243,-2.94715
244,-0.667279
245,2.31463
246,2.11305
247,-1.44577
248,-2.95063
249,-0.834099
250,2.05049
251,2.17213
252,-1.272
253,-2.96453
254,-0.681181
255,2.31463
256,1.94623
257,-1.32413
258,-2.99581
259,-0.667279
260,2.22426
261,2.10263
262,-1.30328
263,-2.77686
264,-0.681181
265,2.37023
266,2.00184
267,-1.33456
268,-2.96453
269,-0.667279
270,2.30072
271,2.00184
272,-1.38321
273,-2.77686
274,-0.556066
275,2.14085
276,2.0783
277,-1.33456
278,-3.00971
279,-0.702034
280,2.33548
281,2.14433
282,-1.33803
283,-2.9541
284,-0.646427
285,2.31463
286,2.09567
287,-1.2859
288,-2.80118
289,-0.556066
290,2.33895
291,2.00184
292,-1.29633
293,-2.97495
294,-0.636001
295,2.27987
296,1.99141
297,-1.31371
298,-2.87764
299,-0.778493
300,2.23817
301,2.06787
302,-1.15731
303,-2.90892
304,-0.660329
305,2.32158
306,1.92538
307,-1.37626
308,-3.00276
309,-0.556066
310,2.3042
311,1.93581
312,-1.44577
313,-2.90545
314,-0.820198
315,2.33895
316,1.95666
317,-1.31718
318,-2.94715
319,-0.722886
320,2.3042
321,2.00184
322,-1.272
323,-2.9124
324,-0.667279
325,2.35286
326,1.97751
327,-1.22335
328,-2.89154
329,-0.667279
330,2.18951
331,2.10263
332,-1.33456
333,-2.97843
334,-0.583869
335,2.32853
336,2.14085
337,-1.2859
338,-3.03404
339,-0.684656
340,2.31463
341,1.89063
342,-1.2303
343,-2.93672
344,-0.663804
345,2.32853
346,2.10958
347,-1.33456
348,-2.9402
349,-0.656853
350,2.29377
351,2.0644
352,-1.31371
353,-2.89154
354,-0.667279
355,2.26249
356,2.14085
357,-1.33456
358,-2.9402
359,-0.583869
360,2.33895
361,1.99141
362,-1.36236
363,-2.9263
364,-0.667279
365,2.35633
366,2.15476
367,-1.2442
368,-2.9819
369,-0.705509
370,2.22426
371,2.00184
372,-1.32761
373,-2.98886
374,-0.667279
375,2.27987
376,2.00184
377,-1.35889
378,-2.89154
379,-0.740263
380,2.26249
381,2.08525
382,-1.38321
383,-2.89849
384,-0.681181
385,2.25902
386,2.08525
387,-1.32066
388,-2.97495
389,-0.722886
390,2.32158
391,2.00184
392,-1.38321
393,-2.97843
394,-0.663804
395,2.15476
396,2.00184
397,-1.35194
398,-2.9263
399,-0.636001
400,2.30767
401,2.00184
402,-1.33456
403,-2.968
404,-0.566492
405,2.45017
406,1.91843
407,-1.32761
408,-2.968
409,-0.639476
410,2.22426
411,1.96708
412,-1.31371
413,-2.99581
414,-0.695083
415,2.37023
416,2.10263
417,-1.31718
418,-3.15915
419,-0.653378
420,2.16518
421,1.99836
422,-1.31718
423,-2.89502
424,-0.587345
425,2.25554
426,2.00184
427,-1.39017
428,-2.83594
429,-0.667279
430,2.36328
431,2.11305
432,-1.34151
433,-2.89154
434,-0.667279
435,2.37718
436,2.19646
437,-1.30328
438,-2.9124
439,-0.695083
440,2.34243
441,2.19646
442,-1.35541
443,-3.03404
444,-0.639476
445,2.3181
446,1.95666
447,-1.33108
448,-3.04794
449,-0.688132
450,2.27292
451,2.0783
452,-1.30676
453,-2.89502
454,-0.569968
455,2.31115
456,2.00184
457,-1.2303
458,-2.99581
459,-0.667279
460,2.25902
461,2.06787
462,-1.36931
463,-2.9819
464,-0.667279
465,2.26945
466,1.99836
467,-1.44577
468,-2.99233
469,-0.622099
470,2.2764
471,1.88715
472,-1.32761
473,-2.9541
474,-0.646427
475,2.22426
476,2.09915
477,-1.32066
478,-2.96105
479,-0.695083
480,2.18604
481,2.11305
482,-1.28938
483,-2.99581
484,-0.688132
485,2.16518
486,2.00184
487,-1.30676
488,-2.9263
489,-0.667279
490,2.13738
491,2.00184
492,-1.2442
493,-2.84636
494,-0.667279
495,2.23469
496,1.99489
497,-1.36931
498,-2.9263
499,-0.594296
500,2.28335
501,2.00184
502,-1.31718
503,-2.93672
504,-0.667279
505,2.28682
506,1.90105
507,-1.30676
508,-2.89154
509,-0.486558
510,2.26597
511,2.02964
512,-1.2303
513,-2.9541
514,-0.719411
515,2.25902
516,2.05397
517,-1.27548
518,-3.00276
519,-0.632525
520,2.22426
521,2.19646
522,-1.18512
523,-2.94715
524,-0.722886
525,2.23122
526,2.00184
527,-1.27895
528,-2.9263
529,-0.556066
530,2.26249
531,2.11305
532,-1.2581
533,-2.92977
534,-0.510886
535,2.46059
536,2.10263
537,-1.30676
538,-2.9124
539,-0.705509
540,2.20689
541,2.18256
542,-1.23725
543,-2.968
544,-0.889706
545,2.42584
546,2.17561
547,-1.20249
548,-3.22518
549,-0.736788
550,2.28682
551,2.09567
552,-1.18164
553,-2.97495
554,-0.834099
555,2.24859
556,1.98446
557,-1.44577
558,-2.7421
559,-0.677706
560,2.13738
561,2.08872
562,-1.25115
563,-2.968
564,-0.660329
565,2.26945
566,2.1061
567,-1.26505
568,-2.99581
569,-0.733312
570,2.38413
571,1.84892
572,-1.21987
573,-2.81856
574,-0.708984
575,2.2903
576,2.14781
577,-1.27548
578,-2.93672
579,-0.889706
580,2.25902
581,2.01574
582,-1.18512
583,-3.07227
584,-0.50741
585,2.27987
586,1.97751
587,-1.41797
588,-3.03751
589,-0.688132
590,2.27987
591,2.10263
592,-1.17817
593,-2.91935
594,-0.67423
595,2.26597
596,1.99141
597,-1.16079
598,-2.89502
599,-0.761116
600,2.21731
601,2.00184
602,-1.20944
603,-3.00276
604,-0.834099
605,2.25902
606,2.03659
607,-1.10866
608,-2.96105
609,-0.889706
610,2.09567
611,2.00184
612,-1.21292
613,-2.94715
614,-0.854952
615,2.24859
616,2.16171
617,-1.12256
618,-2.92977
619,-0.705509
620,2.24164
621,2.19299
622,-1.30676
623,-2.89154
624,-0.719411
625,2.29725
626,2.20341
627,-1.22335
628,-3.00276
629,-0.889706
630,2.3042
631,2.10958
632,-1.18512
633,-2.97148
634,-0.681181
635,2.26249
636,2.05049
637,-1.21639
638,-2.9819
639,-0.861903
640,2.25554
641,2.0922
642,-1.13298
643,-3.00276
644,-0.813247
645,2.31463
646,2.09915
647,-1.20597
648,-3.00623
649,-0.667279
650,2.18256
651,2.00184
652,-1.22335
653,-2.97148
654,-0.729837
655,2.23122
656,2.1339
657,-1.18512
658,-2.98538
659,-0.875804
660,2.22774
661,2.10263
662,-1.17121
663,-2.94368
664,-0.861903
665,2.26597
666,2.10263
667,-1.22335
668,-2.9541
669,-0.889706
670,2.21731
671,2.02964
672,-1.19554
673,-2.91935
674,-0.851476
675,2.22426
676,2.00184
677,-1.00092
678,-2.7421
679,-0.823673
680,2.25207
681,2.09567
682,-1.21639
683,-2.89502
684,-0.691607
685,2.22774
686,2.21384
687,-1.35194
688,-2.99233
689,-0.889706
690,2.39456
691,2.19646
692,-1.13646
693,-3.00276
694,-0.907083
695,2.0644
696,2.01922
697,-1.09476
698,-2.97843
699,-0.88623
700,2.10958
701,2.00184
702,-1.21639
703,-2.7699
704,-0.889706
705,2.22426
706,2.11305
707,-1.14689
708,-2.92977
709,-0.834099
710,2.25207
711,2.13043
712,-1.0739
713,-2.83594
714,-0.733312
715,2.13043
716,1.74813
717,-1.18512
718,-3.00623
719,-0.729837
720,2.25207
721,2.19299
722,-1.11908
723,-2.94715
724,-0.719411
725,2.30072
726,2.30767
727,-1.0878
728,-3.00276
729,-0.813247
730,2.00879
731,2.05049
732,-1.09476
733,-3.00971
734,-0.917509
735,2.20341
736,2.05049
737,-1.10518
738,-2.968
739,-0.750689
740,2.14781
741,2.1339
742,-0.980067
743,-2.93672
744,-0.889706
745,2.17561
746,2.0783
747,-1.16774
748,-2.97495
749,-0.719411
750,2.18256
751,2.11305
752,-1.31718
753,-2.9263
754,-0.889706
755,2.40846
756,2.1061
757,-1.14341
758,-3.00276
759,-0.917509
760,2.19299
761,2.09567
762,-1.02872
763,-2.96453
764,-0.893181
765,2.18951
766,2.08525
767,-1.30676
768,-3.1383
769,-0.854952
770,2.14781
771,2.11305
772,-1.19554
773,-2.968
774,-0.861903
775,2.1339
776,2.10958
777,-0.990493
778,-3.13135
779,-0.740263
780,2.3459
781,2.22079
782,-1.14689
783,-3.00623
784,-0.740263
785,2.25902
786,2.10263
787,-1.11561
788,-2.9402
789,-0.88623
790,2.00879
791,2.35981
792,-1.08433
793,-3.08964
794,-0.955739
795,2.05049
796,2.12695
797,-1.2859
798,-2.96453
799,-0.861903
800,2.21384
801,2.13738
802,-1.05653
803,-2.92977
804,-0.667279
805,2.05397
806,2.11305
807,-1.11213
808,-2.94715
809,-0.889706
810,2.22426
811,2.11305
812,-1.21639
813,-2.968
814,-0.889706
815,2.26597
816,2.08525
817,-1.15731
818,-2.97495
819,-0.893181
820,2.22426
821,2.22774
822,-1.0739
823,-3.04794
824,-0.917509
825,2.04354
826,2.0922
827,-1.04957
828,-2.97495
829,-0.973116
830,2.22079
831,2.05397
832,-1.0183
833,-2.9819
834,-0.910558
835,2.14085
836,2.09567
837,-1.11213
838,-2.90892
839,-0.868853
840,2.21731
841,2.14781
842,-1.11213
843,-2.98886
844,-0.938362
845,2.22426
846,2.14085
847,-1.03567
848,-3.00276
849,-0.87928
850,2.19646
851,2.09567
852,-1.02177
853,-3.00971
854,-0.945313
855,2.01574
856,2.05744
857,-1.00787
858,-2.98886
859,-0.896657
860,2.22079
861,2.15476
862,-1.08433
863,-3.03751
864,-0.945313
865,2.17908
866,2.12
867,-1.10171
868,-2.968
869,-0.882755
870,2.19646
871,2.25554
872,-1.0739
873,-2.98538
874,-0.993968
875,2.04354
876,2.14433
877,-1.08433
878,-2.97495
879,-0.896657
880,2.23469
881,2.1061
882,-1.02525
883,-2.99581
884,-0.917509
885,2.14781
886,2.11305
887,-1.11213
888,-2.90892
889,-0.889706
890,2.09567
891,2.10263
892,-1.0878
893,-3.03404
894,-0.941837
895,2.13043
896,2.20341
897,-1.11561
898,-3.00276
899,-1.05653
900,2.21731
901,2.19299
902,-1.06348
903,-3.00276
904,-0.973116
905,2.11653
906,2.1339
907,-0.959214
908,-3.00971
909,-0.903608
910,2.19646
911,2.06787
912,-1.10518
913,-3.22518
914,-0.851476
915,2.15823
916,2.11305
917,-1.09823
918,-2.968
919,-0.872329
920,2.23817
921,2.09567
922,-1.21639
923,-3.07574
924,-0.88623
925,2.21731
926,2.17908
927,-1.06348
928,-2.95758
929,-0.934886
930,2.13043
931,2.08525
932,-1.11213
933,-2.99928
934,-1.07738
935,2.17213
936,2.05397
937,-0.976591
938,-2.94715
939,-0.882755
940,2.12348
941,2.00184
942,-1.11213
943,-3.00971
944,-0.84105
945,2.23122
946,2.14781
947,-0.844526
948,-2.94715
949,-0.834099
950,2.51272
951,2.17561
952,-0.987017
953,-2.97843
954,-0.868853
955,2.11305
956,2.19646
957,-1.09128
958,-2.99928
959,-0.993968
960,2.12
961,2.1061
962,-0.889706
963,-3.07922
964,-0.917509
965,2.17561
966,2.11305
967,-1.0739
968,-2.99581
969,-0.96964
970,2.12695
971,2.05397
972,-1.07043
973,-2.86027
974,-0.96964
975,2.25902
976,2.08177
977,-1.04957
978,-3.01666
979,-0.903608
980,2.22426
981,2.1061
982,-1.14689
983,-2.97843
984,-0.945313
985,2.19994
986,2.12695
987,-1.11213
988,-3.10702
989,-0.941837
990,2.22426
991,2.20689
992,-1.02872
993,-2.9819
994,-0.729837
995,2.21384
996,2.19994
997,-1.15731
998,-3.00276
999,-0.927935
1000,2.0783
1001,2.1061
1002,-1.21292
1003,-2.93325
1004,-0.896657
1005,2.21384
1006,2.11305
1007,-1.09476
1008,-2.99233
1009,-0.990493
1010,2.14781
1011,2.11305
1012,-1.08433
1013,-2.9263
1014,-0.87928
1015,2.19646
1016,2.10263
1017,-1.11213
1018,-2.9124
1019,-0.861903
1020,2.13738
1021,2.11305
1022,-1.03915
1023,-2.92977
1024,-0.715935
1025,2.26945
1026,2.1061
1027,-1.20597
1028,-2.97495
1029,-0.889706
1030,2.08177
1031,2.10263
1032,-1.09128
1033,-2.90197
1034,-0.920985
1035,2.28682
1036,2.22426
1037,-1.10171
1038,-2.94715
1039,-0.882755
1040,2.14085
1041,2.09915
1042,-1.03567
1043,-2.99928
1044,-0.931411
1045,2.16518
1046,2.08872
1047,-1.01135
1048,-2.9819
1049,-0.945313
1050,2.21731
1051,2.17561
1052,-1.11213
1053,-2.99581
1054,-0.914034
1055,2.0922
1056,2.00184
1057,-1.13994
1058,-2.97148
1059,-1.05653
1060,2.17561
1061,2.0783
1062,-1.11213
1063,-2.96105
1064,-0.889706
1065,2.16171
1066,2.14433
1067,-1.04957
1068,-2.99581
1069,-0.865378
1070,2.20689
1071,2.14433
1072,-1.11561
1073,-3.01666
1074,-0.938362
1075,2.0922
1076,2.0783
1077,-1.06348
1078,-2.89154
1079,-0.920985
1080,2.21036
1081,2.00531
1082,-1.09128
1083,-2.9263
1084,-0.872329
1085,2.11305
1086,2.15476
1087,-1.14689
1088,-2.93325
1089,-0.945313
1090,2.13043
1091,2.16866
1092,-1.00092
1093,-3.05836
1094,-0.917509
1095,2.11653
1096,2.15823
1097,-1.14341
1098,-3.02361
1099,-0.914034
1100,2.19646
1101,2.21036
1102,-1.05305
1103,-2.87417
1104,-0.882755
1105,2.15823
1106,2.16866
1107,-1.00787
1108,-2.97843
1109,-0.945313
1110,2.16866
1111,2.15823
1112,-1.02525
1113,-2.99233
1114,-0.868853
1115,2.16171
1116,2.15128
1117,-1.15731
1118,-3.04794
1119,-0.889706
1120,2.16866
1121,2.12348
1122,-1.10171
1123,-2.95063
1124,-0.900132
1125,2.09567
1126,2.20341
1127,-1.08433
1128,-2.91935
1129,-0.934886
1130,2.1061
1131,2.15128
1132,-1.05305
1133,-3.00276
1134,-0.896657
1135,2.12
1136,2.13738
1137,-1.02177
1138,-2.94715
1139,-0.966165
1140,2.02964
1141,2.12
1142,-1.11561
1143,-3.05489
1144,-0.92446
1145,2.22426
1146,2.14085
1147,-1.10518
1148,-2.92282
1149,-0.917509
1150,2.08177
1151,2.10263
1152,-1.01482
1153,-2.94715
1154,-0.927935
1155,2.23817
1156,2.18951
1157,-1.0739
1158,-2.99928
1159,-1.05653
1160,2.19994
1161,2.17561
1162,-1.02525
1163,-2.97495
1164,-0.938362
1165,2.17908
1166,2.1061
1167,-1.03915
1168,-2.96105
1169,-1.11213
1170,2.17213
1171,2.16518
1172,-1.03567
1173,-3.05836
1174,-1.00787
1175,2.0783
1176,2.15128
1177,-1.04262
1178,-3.00276
1179,-1.04957
1180,2.0922
1181,2.08525
1182,-1.04957
1183,-2.95758
1184,-0.889706
1185,2.09567
1186,2.19994
1187,-1.03915
1188,-3.00276
1189,-0.980067
1190,2.22426
1191,2.19299
1192,-1.01482
1193,-3.00276
1194,-1.09128
1195,2.21384
1196,2.14781
1197,-0.931411
1198,-2.99233
1199,-0.987017
1200,2.00184
1201,2.12
1202,-1.09476
1203,-2.92282
1204,-0.92446
1205,2.12695
1206,2.1339
1207,-1.11213
1208,-2.968
1209,-0.896657
1210,2.1339
1211,2.06092
1212,-1.10518
1213,-2.93672
1214,-0.980067
1215,2.19646
1216,2.16171
1217,-1.02872
1218,-2.94715
1219,-0.889706
1220,2.0922
1221,2.19994
1222,-1.00439
1223,-2.94368
1224,-0.938362
1225,2.15128
1226,2.11305
1227,-1.09128
1228,-3.00276
1229,-0.931411
1230,2.09915
1231,2.18604
1232,-0.980067
1233,-2.91935
1234,-0.952263
1235,2.16171
1236,2.17908
1237,-1.03567
1238,-3.05836
1239,-0.993968
1240,2.00879
1241,2.12
1242,-1.05653
1243,-3.00276
1244,-1.0461
1245,2.12695
1246,2.0644
1247,-1.06348
1248,-2.94715
1249,-0.997444
1250,2.06787
1251,2.11653
1252,-1.04262
1253,-2.94715
1254,-1.00092
1255,2.10263
1256,2.04702
1257,-1.11213
1258,-3.01318
1259,-1.09128
1260,2.13738
1261,2.17561
1262,-1.11213
1263,-2.99233
1264,-0.987017
1265,2.01922
1266,2.15823
1267,-1.0183
1268,-2.89502
1269,-0.990493
1270,2.16518
1271,2.20341
1272,-1.0878
1273,-2.95063
1274,-0.927935
1275,2.17561
1276,2.14781
1277,-1.02177
1278,-2.94715
1279,-0.938362
1280,2.15823
1281,2.18604
1282,-1.04262
1283,-2.9819
1284,-0.96964
1285,2.12348
1286,2.11305
1287,-1.00439
1288,-3.03056
1289,-1.00092
1290,2.14781
1291,2.1061
1292,-1.08433
1293,-2.79076
1294,-1.00092
1295,2.0783
1296,2.05049
1297,-1.11213
1298,-3.11397
1299,-1.00787
1300,2.16518
1301,2.12
1302,-1.05653
1303,-2.98538
1304,-1.09823
1305,2.15476
1306,2.16518
1307,-0.990493
1308,-2.94715
1309,-1.0183
1310,2.17213
1311,2.14433
1312,-0.993968
1313,-2.9541
1314,-1.10866
1315,2.01922
1316,2.1339
1317,-0.973116
1318,-2.98538
1319,-0.910558
1320,2.10263
1321,2.15823
1322,-1.09128
1323,-3.11397
1324,-0.844526
1325,2.0922
1326,2.14781
1327,-0.900132
1328,-2.99581
1329,-1.09476
1330,1.94276
1331,2.21731
1332,-0.973116
1333,-3.00276
1334,-0.980067
1335,2.08525
1336,2.08872
1337,-0.882755
1338,-2.95063
1339,-1.00787
1340,2.03312
1341,2.22426
1342,-0.945313
1343,-3.00276
1344,-1.0739
1345,2.05397
1346,2.17561
1347,-1.05653
1348,-2.96453
1349,-1.02525
1350,2.28682
1351,2.18951
1352,-0.910558
1353,-2.79076
1354,-1.0183
1355,2.00184
1356,2.29725
1357,-0.952263
1358,-2.98886
1359,-1.00439
1360,2.09915
1361,2.22774
1362,-0.987017
1363,-2.98538
1364,-1.00092
1365,1.96708
1366,2.38761
1367,-0.966165
1368,-3.01318
1369,-1.10518
1370,2.09915
1371,2.15476
1372,-0.987017
1373,-3.00276
1374,-1.02177
1375,2.05049
1376,2.32505
1377,-1.00092
1378,-3.16263
1379,-1.21292
1380,2.21731
1381,2.16171
1382,-1.00092
1383,-2.97495
1384,-1.07738
1385,2.08177
1386,2.17908
1387,-0.976591
1388,-2.88459
1389,-1.39017
1390,2.10263
1391,2.18604
1392,-0.740263
1393,-2.968
1394,-1.00787
1395,2.10958
1396,2.23469
1397,-0.938362
1398,-2.968
1399,-1.08433
1400,1.95666
1401,2.1061
1402,-0.695083
1403,-2.91587
1404,-0.966165
1405,1.96361
1406,2.12
1407,-0.92446
1408,-3.04099
1409,-1.26505
1410,2.05744
1411,2.05049
1412,-0.938362
1413,-3.11397
1414,-1.04957
1415,1.82459
1416,2.11653
1417,-1.04957
1418,-2.83594
1419,-1.05305
1420,2.14085
1421,2.24164
1422,-0.900132
1423,-2.94715
1424,-0.980067
1425,2.08177
1426,2.17213
1427,-0.875804
1428,-3.1522
1429,-0.973116
1430,2.00184
1431,2.29377
1432,-0.927935
1433,-3.03056
1434,-1.11561
1435,2.01574
1436,2.17561
1437,-0.976591
1438,-3.03751
1439,-1.03567
1440,2.05049
1441,2.22774
1442,-0.973116
1443,-2.97495
1444,-0.990493
1445,2.17908
1446,2.20341
1447,-0.973116
1448,-3.00623
1449,-1.05653
1450,2.06787
1451,2.18951
1452,-0.844526
1453,-2.93672
1454,-1.02872
1455,2.08525
1456,2.14781
1457,-0.931411
1458,-2.9402
1459,-1.0739
1460,2.0922
1461,2.19994
1462,-0.973116
1463,-2.9402
1464,-1.08433
1465,2.01226
1466,2.22426
1467,-1.00092
1468,-2.96105
1469,-1.00092
1470,2.05397
1471,2.21036
1472,-0.938362
1473,-2.97148
1474,-1.02872
1475,2.14781
1476,2.21384
1477,-0.92446
1478,-3.00276
1479,-1.03915
1480,2.08177
1481,2.1339
1482,-0.910558
1483,-2.92977
1484,-1.07738
1485,1.93928
1486,2.24512
1487,-0.889706
1488,-2.98538
1489,-1.11213
1490,2.0783
1491,2.23469
1492,-0.889706
1493,-2.9819
1494,-1.09476
1495,2.10263
1496,2.22774
1497,-0.927935
1498,-2.95758
1499,-0.997444
1500,2.08177
1501,2.22426
1502,-0.854952
1503,-2.96453
1504,-1.02525
1505,2.08177
1506,2.20689
1507,-0.799345
1508,-2.88807
1509,-1.12603
1510,2.04702
1511,2.25902
1512,-0.809771
1513,-3.00276
1514,-1.0878
1515,2.03312
1516,2.09567
1517,-0.976591
1518,-2.96453
1519,-1.11213
1520,2.07135
1521,2.26249
1522,-0.865378
1523,-2.96105
1524,-1.18512
1525,2.04007
1526,2.17908
1527,-0.945313
1528,-2.92977
1529,-1.11213
1530,2.02269
1531,2.3042
1532,-0.816722
1533,-2.92282
1534,-1.06348
1535,2.08525
1536,2.23469
1537,-0.868853
1538,-2.968
1539,-1.18859
1540,2.0783
1541,2.22774
1542,-0.872329
1543,-2.97495
1544,-1.32413
1545,2.04354
1546,2.00531
1547,-0.983542
1548,-2.98538
1549,-1.11213
1550,2.07135
1551,2.20689
1552,-0.872329
1553,-3.16958
1554,-1.09476
1555,2.00184
1556,2.30767
1557,-0.851476
1558,-2.9819
1559,-1.06348
1560,2.12695
1561,2.24859
1562,-0.920985
1563,-3.02361
1564,-1.17121
1565,1.91843
1566,2.1339
1567,-0.834099
1568,-3.03751
1569,-1.10171
1570,2.13738
1571,2.22426
1572,-0.889706
1573,-3.11397
1574,-1.10518
1575,2.0644
1576,2.22426
1577,-0.917509
1578,-3.00971
1579,-1.13646
1580,1.99141
1581,2.24164
1582,-0.889706
1583,-2.89849
1584,-1.10518
1585,2.08177
1586,2.42584
1587,-0.854952
1588,-2.93672
1589,-1.08085
1590,2.04354
1591,2.27292
1592,-0.799345
1593,-3.00276
1594,-1.17121
1595,2.11305
1596,2.40846
1597,-0.858427
1598,-2.90545
1599,-1.03567
1600,2.05049
1601,2.24164
1602,-0.917509
1603,-3.04794
1604,-1.14689
1605,2.00879
1606,2.23122
1607,-0.889706
1608,-2.92977
1609,-1.31371
1610,1.82807
1611,2.19994
1612,-0.88623
1613,-3.00276
1614,-1.20249
1615,1.98099
1616,2.22426
1617,-0.861903
1618,-2.97495
1619,-1.22335
1620,2.00184
1621,2.22426
1622,-0.768066
1623,-2.96105
1624,-1.05305
1625,2.00184
1626,2.30767
1627,-0.889706
1628,-2.96453
1629,-1.11908
1630,2.03659
1631,2.2764
1632,-0.806296
1633,-2.99928
1634,-1.0322
1635,1.99141
1636,2.30767
1637,-0.875804
1638,-2.90892
1639,-1.15384
1640,1.97751
1641,2.32853
1642,-0.820198
1643,-2.968
1644,-1.14341
1645,1.96013
1646,2.27987
1647,-0.848001
1648,-3.04794
1649,-1.33108
1650,2.06092
1651,2.31463
1652,-0.813247
1653,-2.98886
1654,-1.22335
1655,2.00879
1656,2.14781
1657,-0.848001
1658,-2.968
1659,-1.15731
1660,2.1339
1661,2.17561
1662,-0.882755
1663,-3.08964
1664,-1.10518
1665,2.00184
1666,2.2903
1667,-0.809771
1668,-2.9819
1669,-1.12603
1670,2.05397
1671,2.32853
1672,-0.726361
1673,-3.03751
1674,-1.25115
1675,2.04702
1676,2.17561
1677,-0.799345
1678,-2.9263
1679,-1.16774
1680,2.03312
1681,2.31463
1682,-0.79587
1683,-3.00276
1684,-1.21292
1685,1.96708
1686,2.25207
1687,-0.834099
1688,-2.94715
1689,-1.52223
1690,2.00184
1691,2.34938
1692,-0.778493
1693,-3.01666
1694,-1.24072
1695,2.00184
1696,2.33895
1697,-0.854952
1698,-2.93325
1699,-1.33456
1700,2.03312
1701,2.22426
1702,-0.556066
1703,-2.99581
1704,-1.26853
1705,2.00184
1706,2.31115
1707,-0.799345
1708,-2.94715
1709,-1.20249
1710,2.00184
1711,2.39804
1712,-1.04957
1713,-3.00276
1714,-1.16426
1715,2.20689
1716,2.28682
1717,-0.667279
1718,-2.89502
1719,-1.14689
1720,2.00184
1721,2.2903
1722,-0.764591
1723,-2.93325
1724,-1.08085
1725,1.73423
1726,2.35286
1727,-0.691607
1728,-2.83941
1729,-1.2303
1730,2.00184
1731,2.28335
1732,-0.754165
1733,-2.95758
1734,-1.22335
1735,1.97751
1736,2.332
1737,-0.875804
1738,-2.73515
1739,-1.22335
1740,2.00184
1741,2.36676
1742,-0.792394
1743,-2.9541
1744,-1.20944
1745,2.12348
1746,2.39804
1747,-0.719411
1748,-2.99233
1749,-1.2303
1750,1.97751
1751,2.46407
1752,-0.729837
1753,-3.08269
1754,-1.46662
1755,1.96013
1756,2.28682
1757,-0.827148
1758,-2.92977
1759,-1.20249
1760,1.97056
1761,2.26249
1762,-0.736788
1763,-2.89849
1764,-1.42839
1765,2.00184
1766,2.42584
1767,-0.667279
1768,-3.04794
1769,-1.21292
1770,2.00184
1771,2.33548
1772,-0.667279
1773,-3.00276
1774,-1.25462
1775,2.07482
1776,2.38761
1777,-0.743739
1778,-2.98538
1779,-1.28243
1780,1.99836
1781,2.28335
1782,-0.733312
1783,-2.97495
1784,-1.22335
1785,1.97751
1786,2.33548
1787,-0.566492
1788,-2.91935
1789,-1.26158
1790,1.83154
1791,2.29377
1792,-0.535214
1793,-3.00276
1794,-1.19902
1795,2.1061
1796,2.33548
1797,-0.667279
1798,-2.92977
1799,-1.13646
1800,2.0922
1801,2.34243
1802,-0.667279
1803,-3.01318
1804,-1.40754
1805,1.80026
1806,2.32853
1807,-0.726361
1808,-3.00276
1809,-1.37626
1810,1.77941
1811,2.31463
1812,-0.510886
1813,-2.91935
1814,-1.33456
1815,2.00184
1816,2.32158
1817,-0.667279
1818,-2.90197
1819,-1.33456
1820,2.00184
1821,2.36676
1822,-0.667279
1823,-2.9402
1824,-1.21987
1825,2.00184
1826,2.30072
1827,-0.667279
1828,-2.9819
1829,-1.25462
1830,2.00184
1831,2.40499
1832,-0.594296
1833,-2.95063
1834,-1.2859
1835,2.00184
1836,2.30767
1837,-0.656853
1838,-2.96453
1839,-1.30328
1840,1.82807
1841,2.23122
1842,-0.556066
1843,-2.97843
1844,-1.26158
1845,1.96708
1846,2.3459
1847,-0.608197
1848,-2.97148
1849,-1.29633
1850,2.00184
1851,2.32505
1852,-0.566492
1853,-2.96453
1854,-1.39017
1855,2.00184
1856,2.34938
1857,-0.705509
1858,-2.9402
1859,-1.2859
1860,1.96708
1861,2.31115
1862,-0.775017
1863,-2.98886
1864,-1.33456
1865,1.77941
1866,2.37371
1867,-0.708984
1868,-2.97495
1869,-1.33456
1870,1.97403
1871,2.30072
1872,-0.684656
1873,-2.93672
1874,-1.30676
1875,2.00184
1876,2.36676
1877,-0.608197
1878,-3.11397
1879,-1.26505
1880,2.00184
1881,2.30767
1882,-0.566492
1883,-2.96105
1884,-1.29285
1885,2.00184
1886,2.45017
1887,-0.729837
1888,-2.968
1889,-1.2998
1890,1.83849
1891,2.37023
1892,-0.50741
1893,-2.968
1894,-1.36584
1895,1.77941
1896,2.2903
1897,-0.563017
1898,-2.92977
1899,-1.39017
1900,1.92538
1901,2.32853
1902,-0.587345
1903,-2.9541
1904,-1.2581
1905,2.00184
1906,2.3459
1907,-0.667279
1908,-2.96453
1909,-1.34499
1910,2.00184
1911,2.35633
1912,-0.566492
1913,-2.92977
1914,-1.32761
1915,1.96708
1916,2.38413
1917,-0.660329
1918,-3.03751
1919,-1.2581
1920,1.92538
1921,2.33895
1922,-0.771542
1923,-3.00276
1924,-1.28938
1925,1.81069
1926,2.36328
1927,-0.684656
1928,-3.05836
1929,-1.31371
1930,1.91495
1931,2.31463
1932,-0.702034
1933,-2.91587
1934,-1.29633
1935,1.94623
1936,2.32158
1937,-0.535214
1938,-2.9402
1939,-1.33108
1940,1.89063
1941,2.33548
1942,-0.538689
1943,-2.968
1944,-1.34846
1945,1.77941
1946,2.30767
1947,-0.667279
1948,-2.9402
1949,-1.31023
1950,2.00184
1951,2.24512
1952,-0.667279
1953,-2.9263
1954,-1.33456
1955,2.00184
1956,2.33548
1957,-0.597771
1958,-2.97495
1959,-1.22335
1960,1.99489
1961,2.38066
1962,-0.556066
1963,-2.97495
1964,-1.39017
1965,2.00184
1966,2.40151
1967,-0.660329
1968,-2.9402
1969,-1.24072
1970,1.84892
1971,2.46754
1972,-0.806296
1973,-2.99233
1974,-1.41449
1975,1.93928
1976,2.40499
1977,-0.677706
1978,-2.98538
1979,-1.35541
1980,1.91843
1981,2.32853
1982,-0.705509
1983,-2.9819
1984,-1.47358
1985,1.86977
1986,2.29377
1987,-0.566492
1988,-2.98538
1989,-1.2859
1990,1.79679
1991,2.36328
1992,-0.493509
1993,-3.00276
1994,-1.31718
1995,1.80026
1996,2.33548
1997,-0.611673
1998,-2.94715
1999,-1.31371
2000,2.00184
2001,2.37371
2002,-0.59082
2003,-2.94368
2004,-1.33456
2005,1.97056
2006,2.332
2007,-0.556066
2008,-2.89502
2009,-1.33456
2010,1.98099
2011,2.2764
2012,-0.667279
2013,-2.91587
2014,-1.44577
2015,2.00184
2016,2.33895
2017,-0.576919
2018,-2.88112
2019,-1.26853
2020,2.00184
2021,2.33548
2022,-0.594296
2023,-2.97148
2024,-1.26853
2025,2.00184
2026,2.332
2027,-0.754165
2028,-3.04099
2029,-1.37279
2030,1.77941
2031,2.33548
2032,-0.583869
2033,-2.99581
2034,-1.36236
2035,2.00184
2036,2.3459
2037,-0.702034
2038,-3.00276
2039,-1.32413
2040,2.00184
2041,2.37371
2042,-0.667279
2043,-2.92282
2044,-1.36931
2045,2.00184
2046,2.332
2047,-0.667279
2048,-2.9263
2049,-1.40754
2050,1.98099
2051,2.31463
2052,-0.556066
2053,-2.9402
2054,-1.16426
2055,2.00184
2056,2.32853
2057,-0.639476
2058,-2.97495
2059,-1.2998
2060,2.05049
2061,2.38413
2062,-0.722886
2063,-2.96105
2064,-1.27548
2065,1.78984
2066,2.39804
2067,-0.698558
2068,-2.98886
2069,-1.33456
2070,1.98446
2071,2.31463
2072,-0.538689
2073,-2.90197
2074,-1.27895
2075,1.77941
2076,2.44669
2077,-0.521312
2078,-3.00276
2079,-1.37974
2080,1.97403
2081,2.32505
2082,-0.667279
2083,-3.00971
2084,-1.39017
2085,2.00184
2086,2.29377
2087,-0.667279
2088,-2.89154
2089,-1.2859
2090,2.12
2091,2.38413
2092,-0.50046
2093,-3.05836
2094,-1.23377
2095,2.00184
2096,2.39108
2097,-0.594296
2098,-2.94368
2099,-1.41449
2100,2.00184
2101,2.38066
2102,-0.667279
2103,-2.66912
2104,-1.39017
2105,1.82112
2106,2.37023
2107,-0.677706
2108,-2.98538
2109,-1.31718
2110,1.94971
2111,2.37023
2112,-0.736788
2113,-2.91935
2114,-1.26505
2115,1.95318
2116,2.61351
2117,-0.569968
2118,-3.06879
2119,-1.18859
2120,2.00184
2121,2.28682
2122,-0.604722
2123,-2.98886
2124,-1.30676
2125,2.00184
2126,2.3459
2127,-0.670755
2128,-3.20086
2129,-1.32413
2130,1.97403
2131,2.35286
2132,-0.740263
2133,-3.03751
2134,-1.35194
2135,1.78636
2136,2.332
2137,-0.531738
2138,-2.99233
2139,-1.37279
2140,1.9219
2141,2.32158
2142,-0.854952
2143,-2.70387
2144,-1.33456
2145,1.6682
2146,2.34938
2147,-0.653378
2148,-2.95758
2149,-1.25115
2150,2.09567
2151,2.35633
2152,-0.556066
2153,-2.95063
2154,-1.30328
2155,1.76899
2156,2.39804
2157,-0.834099
2158,-3.22171
2159,-1.29285
2160,2.00184
2161,2.35286
2162,-0.493509
2163,-2.97495
2164,-1.33456
2165,1.81764
2166,2.40846
2167,-0.563017
2168,-2.78033
2169,-1.43882
2170,1.77941
2171,2.25902
2172,-0.667279
2173,-2.99581
2174,-1.48748
2175,1.94276
2176,2.34243
2177,-0.465705
2178,-2.94368
2179,-1.31371
2180,1.94971
2181,2.38413
2182,-0.667279
2183,-2.90197
2184,-1.55699
2185,2.07482
2186,2.34243
2187,-0.663804
2188,-2.91935
2189,-1.31023
2190,2.00184
2191,2.35633
2192,-0.667279
2193,-2.90197
2194,-1.44577
2195,2.0922
2196,2.36676
2197,-0.528263
2198,-3.16263
2199,-1.42839
2200,1.95318
2201,2.38066
2202,-0.556066
2203,-3.00971
2204,-1.37626
2205,1.99141
2206,2.37718
2207,-0.729837
2208,-2.97495
2209,-1.44577
2210,1.93928
2211,2.41889
2212,-0.667279
2213,-2.96453
2214,-1.33108
2215,1.9219
2216,2.31463
2217,-0.667279
2218,-2.84636
2219,-1.2581
2220,1.80026
2221,2.29725
2222,-0.563017
2223,-3.04446
2224,-1.29285
2225,1.97403
2226,2.37371
2227,-0.528263
2228,-2.94715
2229,-1.30676
2230,1.96013
2231,2.36676
2232,-0.715935
2233,-3.00276
2234,-1.37279
2235,1.94623
2236,2.36328
2237,-0.781968
2238,-2.89849
2239,-1.31371
2240,1.91843
2241,2.34243
2242,-0.535214
2243,-2.94368
2244,-1.33456
2245,1.77941
2246,2.30767
2247,-0.667279
2248,-2.90892
2249,-1.40407
2250,2.00184
2251,2.34938
2252,-0.667279
2253,-3.16958
2254,-1.35194
2255,2.0783
2256,2.35633
2257,-0.573443
2258,-2.98538
2259,-1.47705
2260,1.82807
2261,2.40499
2262,-0.503935
2263,-3.00276
2264,-1.31023
2265,1.98099
2266,2.40151
2267,-0.649902
2268,-2.99233
2269,-1.36236
2270,1.94971
2271,2.30072
2272,-0.50741
2273,-3.05836
2274,-1.2581
2275,1.94971
2276,2.31463
2277,-0.667279
2278,-2.97843
2279,-1.36236
2280,1.77941
2281,2.30072
2282,-0.667279
2283,-2.99233
2284,-1.44577
2285,2.05744
2286,2.31463
2287,-0.667279
2288,-2.87417
2289,-1.27895
2290,2.00184
2291,2.39456
2292,-0.569968
2293,-2.95063
2294,-1.31718
2295,1.97403
2296,2.35981
2297,-0.733312
2298,-3.03056
2299,-1.31371
2300,1.80722
2301,2.37023
2302,-0.722886
2303,-2.94715
2304,-1.33456
2305,1.93233
2306,2.30767
2307,-0.556066
2308,-2.94715
2309,-1.33108
2310,1.94276
2311,2.32158
2312,-0.667279
2313,-2.91587
2314,-1.32413
2315,1.96708
2316,2.31463
2317,-0.656853
2318,-2.86722
2319,-1.29633
2320,2.00184
2321,2.35286
2322,-0.59082
2323,-2.91935
2324,-1.484
2325,2.00184
2326,2.36676
2327,-0.736788
2328,-2.90892
2329,-1.36931
2330,1.96361
2331,2.39804
2332,-0.528263
2333,-3.02709
2334,-1.36236
2335,1.93581
2336,2.36676
2337,-0.688132
2338,-2.968
2339,-1.27895
2340,1.94276
2341,2.33895
2342,-0.576919
2343,-2.89154
2344,-1.32761
2345,2.00184
2346,2.32158
2347,-0.59082
2348,-2.95758
2349,-1.33456
2350,2.00879
2351,2.45017
2352,-0.601247
2353,-2.9263
2354,-1.30676
2355,1.94623
2356,2.54748
2357,-0.601247
2358,-2.93672
2359,-1.272
2360,1.77941
2361,2.38413
2362,-0.514361
2363,-2.96453
2364,-1.36236
2365,1.97403
2366,2.23122
2367,-0.601247
2368,-2.90197
2369,-1.42839
2370,1.97403
2371,2.37023
2372,-0.59082
2373,-2.97495
2374,-1.42492
2375,1.96361
2376,2.40846
2377,-0.639476
2378,-2.87069
2379,-1.55351
2380,1.83154
2381,2.40846
2382,-0.535214
2383,-2.90197
2384,-1.34499
2385,1.77941
2386,2.38761
2387,-0.517837
2388,-3.00276
2389,-1.44577
2390,2.00184
2391,2.47102
2392,-0.667279
2393,-2.90892
2394,-1.27548
2395,1.96013
2396,2.38066
2397,-0.50741
2398,-3.00276
2399,-1.34151
2400,1.98099
2401,2.40499
2402,-0.472656
2403,-3.05141
2404,-1.41102
2405,1.83154
2406,2.35633
2407,-0.62905
2408,-2.99581
2409,-1.41797
2410,2.00184
2411,2.35633
2412,-0.667279
2413,-2.9124
2414,-1.34151
2415,2.00184
2416,2.42584
2417,-0.510886
2418,-2.99233
2419,-1.34151
2420,1.77941
2421,2.31463
2422,-0.472656
2423,-3.05141
2424,-1.37974
2425,1.77941
2426,2.34243
2427,-0.563017
2428,-2.86722
2429,-1.39017
2430,1.94971
2431,2.47102
2432,-0.559542
2433,-2.94368
2434,-1.36584
2435,1.93928
2436,2.39804
2437,-0.639476
2438,-2.94715
2439,-1.43535
2440,1.908
2441,2.26597
2442,-0.535214
2443,-3.00276
2444,-1.64735
2445,2.00184
2446,2.37371
2447,-0.479607
2448,-2.92977
2449,-1.31371
2450,1.93581
2451,2.41889
2452,-0.37882
2453,-2.91935
2454,-1.31023
2455,1.98446
2456,2.36328
2457,-0.472656
2458,-2.9402
2459,-1.34499
2460,1.81764
2461,2.37371
2462,-0.604722
2463,-2.92977
2464,-1.39017
2465,1.83154
2466,2.41194
2467,-0.604722
2468,-2.93325
2469,-1.33456
2470,1.90453
2471,2.38413
2472,-0.559542
2473,-2.92282
2474,-1.39017
2475,1.92885
2476,2.41194
2477,-0.510886
2478,-3.02361
2479,-1.36236
2480,1.88367
2481,2.35981
2482,-0.483082
2483,-2.92282
2484,-1.43882
2485,1.96708
2486,2.39804
2487,-0.639476
2488,-2.88112
2489,-1.41797
2490,1.98099
2491,2.34938
2492,-0.583869
2493,-3.00276
2494,-1.43882
2495,1.99836
2496,2.43279
2497,-0.667279
2498,-3.00276
2499,-1.36931
